20
135
2943

0 0
1.000000 0.000000 0.000000 -0.000000
0.000000 1.000000 0.000000 -0.000000
0.000000 0.000000 1.000000 -0.000000
9 22
0.998827 -0.025490 0.041169 0.044413
0.027338 0.998615 -0.044959 -0.016469
-0.039966 0.046032 0.998140 0.558721
1 2
0.999990 -0.004454 -0.000445 0.002333
0.004446 0.999837 -0.017492 0.001052
0.000523 0.017490 0.999847 0.046021
2 3
0.999977 -0.006726 0.000566 0.002490
0.006738 0.999678 -0.024448 0.000998
-0.000402 0.024451 0.999701 0.068242
6 12
0.999568 -0.024379 0.016389 0.001067
0.024963 0.999023 -0.036456 -0.020625
-0.015485 0.036849 0.999201 0.303622
7 15
0.999205 -0.030847 0.025254 0.006501
0.031681 0.998943 -0.033293 -0.023935
-0.024200 0.034066 0.999127 0.385558
12 34
0.999101 -0.014551 0.039820 0.147433
0.016790 0.998264 -0.056461 -0.056804
-0.038929 0.057079 0.997610 0.878921
13 39
0.999527 -0.008657 0.029496 0.176510
0.010288 0.998400 -0.055604 -0.055503
-0.028967 0.055881 0.998017 1.005801
15 48
0.999970 0.007678 -0.000561 0.193314
-0.007698 0.997759 -0.066466 -0.055621
0.000049 0.066468 0.997789 1.233414
17 57
0.997291 0.031492 -0.066472 0.212835
-0.035742 0.997326 -0.063745 -0.061747
0.064287 0.065949 0.995750 1.449367
19 65
0.987370 0.044107 -0.152166 0.248833
-0.053277 0.996968 -0.056720 -0.065320
0.149203 0.064110 0.986726 1.674962
20 69
0.972429 0.066699 -0.223458 0.251752
-0.080536 0.995321 -0.053384 -0.074066
0.218852 0.069909 0.973251 1.774756
21 75
0.931388 0.067539 -0.357708 0.228034
-0.087561 0.995354 -0.040054 -0.082242
0.353341 0.068627 0.932974 1.924516
22 80
0.873639 0.061785 -0.482636 0.165913
-0.082687 0.996330 -0.022130 -0.074535
0.479497 0.059242 0.875541 2.042122
24 91
0.679732 0.046121 -0.732009 -0.006771
-0.080463 0.996686 -0.011919 -0.073529
0.729033 0.067001 0.681191 2.238033
25 98
0.536002 0.032319 -0.843598 -0.127958
-0.072910 0.997306 -0.008117 -0.059013
0.841063 0.065857 0.536914 2.363832
26 106
0.369434 0.014428 -0.929145 -0.298216
-0.060979 0.998101 -0.008746 -0.054995
0.927254 0.059889 0.369612 2.512773
27 113
0.231289 0.001847 -0.972883 -0.456976
-0.057049 0.998303 -0.011668 -0.054635
0.971211 0.058201 0.231002 2.595418
28 123
0.040220 -0.012500 -0.999113 -0.719898
-0.033142 0.999355 -0.013838 -0.031395
0.998641 0.033669 0.039780 2.629311
29 133
-0.140943 0.009850 -0.989969 -0.960285
0.019883 0.999777 0.007117 -0.029673
0.989818 -0.018680 -0.141107 2.631352

0
0.000000 0.000000 0.000000 -nan
0.000000 0.000000 0.000000 -nan
-nan 0.000000 0.000000 -nan
1
0.000000 0.000000 0.000000 -nan
0.000000 0.000000 0.000000 -nan
-nan 0.000000 0.000000 -nan
2
0.999989 -0.004639 -0.000400 0.003930
0.004631 0.999839 -0.017335 0.000440
0.000480 0.017333 0.999850 0.052619
3
0.999974 -0.007124 0.000504 0.004237
0.007135 0.999678 -0.024336 0.000449
-0.000331 0.024339 0.999704 0.077309
4
0.999965 -0.008067 0.002068 0.003151
0.008124 0.999542 -0.029154 0.001101
-0.001832 0.029170 0.999573 0.104256
5
0.999969 -0.007379 0.002859 0.002225
0.007472 0.999396 -0.033933 0.001398
-0.002607 0.033954 0.999420 0.128507
6
0.999968 -0.007308 0.003155 0.000704
0.007410 0.999403 -0.033731 -0.005106
-0.002906 0.033754 0.999426 0.158654
7
0.999930 -0.010874 0.004625 -0.000295
0.011029 0.999325 -0.035036 -0.010611
-0.004241 0.035085 0.999375 0.190595
8
0.999865 -0.014545 0.007664 -0.001000
0.014787 0.999361 -0.032533 -0.015039
-0.007186 0.032642 0.999441 0.224635
9
0.999754 -0.018953 0.011561 0.000578
0.019286 0.999382 -0.029387 -0.017074
-0.010997 0.029603 0.999501 0.241294
10
0.999674 -0.021787 0.013304 0.002080
0.022183 0.999292 -0.030375 -0.016414
-0.012633 0.030660 0.999450 0.268610
11
0.999627 -0.022321 0.015751 0.002817
0.022832 0.999193 -0.033057 -0.019147
-0.015000 0.033404 0.999329 0.291127
12
0.999545 -0.024740 0.017274 0.003443
0.025350 0.999027 -0.036079 -0.020439
-0.016364 0.036501 0.999200 0.305754
13
0.999441 -0.026601 0.020274 0.004768
0.027295 0.999023 -0.034763 -0.023010
-0.019329 0.035297 0.999190 0.335013
14
0.999294 -0.029577 0.023162 0.006813
0.030334 0.998993 -0.033053 -0.024895
-0.022161 0.033733 0.999185 0.362815
15
0.999201 -0.030992 0.025248 0.008315
0.031814 0.998953 -0.032861 -0.024169
-0.024203 0.033638 0.999141 0.388356
16
0.999168 -0.029699 0.027948 0.011194
0.030675 0.998911 -0.035167 -0.024070
-0.026873 0.035995 0.998991 0.411973
17
0.999078 -0.029972 0.030723 0.014372
0.031147 0.998773 -0.038504 -0.023669
-0.029531 0.039426 0.998786 0.434633
18
0.999052 -0.029042 0.032422 0.018874
0.030293 0.998788 -0.038785 -0.023084
-0.031257 0.039730 0.998721 0.463531
19
0.998983 -0.028868 0.034637 0.024936
0.030247 0.998743 -0.039957 -0.022213
-0.033440 0.040964 0.998601 0.488876
20
0.998884 -0.028518 0.037651 0.031851
0.030025 0.998745 -0.040078 -0.020232
-0.036461 0.041164 0.998487 0.516126
21
0.998867 -0.027376 0.038926 0.038400
0.028996 0.998710 -0.041690 -0.017670
-0.037735 0.042771 0.998372 0.538924
22
0.998871 -0.025655 0.039985 0.046137
0.027394 0.998675 -0.043553 -0.016241
-0.038815 0.044599 0.998251 0.565080
23
0.998828 -0.023552 0.042273 0.054863
0.025486 0.998624 -0.045829 -0.016685
-0.041135 0.046852 0.998054 0.591613
24
0.998869 -0.022027 0.042141 0.064807
0.024039 0.998565 -0.047860 -0.016444
-0.041026 0.048819 0.997965 0.617370
25
0.998896 -0.019779 0.042602 0.073612
0.021964 0.998433 -0.051461 -0.016886
-0.041517 0.052340 0.997766 0.640588
26
0.998897 -0.018423 0.043189 0.083160
0.020698 0.998389 -0.052828 -0.019033
-0.042146 0.053664 0.997669 0.668466
27
0.998821 -0.018963 0.044678 0.092646
0.021252 0.998455 -0.051345 -0.027076
-0.043635 0.052234 0.997681 0.698639
28
0.998862 -0.018824 0.043821 0.102098
0.021066 0.998462 -0.051288 -0.030607
-0.042788 0.052153 0.997722 0.726840
29
0.998910 -0.015682 0.043974 0.108876
0.017950 0.998503 -0.051671 -0.032198
-0.043098 0.052404 0.997696 0.751195
30
0.999004 -0.011113 0.043203 0.115370
0.013520 0.998349 -0.055831 -0.035548
-0.042512 0.056360 0.997505 0.769164
31
0.999113 -0.007839 0.041384 0.123008
0.010270 0.998214 -0.058855 -0.040418
-0.040848 0.059228 0.997408 0.792068
32
0.999130 -0.009508 0.040607 0.132137
0.011938 0.998125 -0.060031 -0.049711
-0.039960 0.060464 0.997370 0.819607
33
0.999119 -0.012891 0.039943 0.140592
0.015144 0.998281 -0.056622 -0.055114
-0.039144 0.057177 0.997596 0.850336
34
0.999130 -0.014980 0.038918 0.150169
0.017121 0.998324 -0.055279 -0.056676
-0.038025 0.055897 0.997712 0.885898
35
0.999209 -0.014303 0.037095 0.157316
0.016366 0.998303 -0.055894 -0.056417
-0.036233 0.056457 0.997747 0.911904
36
0.999347 -0.011552 0.034233 0.162818
0.013457 0.998344 -0.055925 -0.054929
-0.033530 0.056349 0.997848 0.935809
37
0.999443 -0.009379 0.032032 0.168675
0.011196 0.998309 -0.057033 -0.056152
-0.031443 0.057360 0.997858 0.956988
38
0.999476 -0.009108 0.031050 0.174522
0.010819 0.998406 -0.055397 -0.057309
-0.030496 0.055704 0.997981 0.983400
39
0.999549 -0.008899 0.028680 0.179462
0.010448 0.998467 -0.054349 -0.055292
-0.028153 0.054625 0.998110 1.010867
40
0.999653 -0.006500 0.025539 0.183470
0.007893 0.998466 -0.054809 -0.052593
-0.025144 0.054992 0.998170 1.036813
41
0.999719 -0.004342 0.023303 0.187181
0.005641 0.998416 -0.055976 -0.050480
-0.023023 0.056092 0.998160 1.061886
42
0.999797 -0.001954 0.020068 0.189229
0.003086 0.998396 -0.056530 -0.048501
-0.019925 0.056580 0.998199 1.086696
43
0.999859 -0.000618 0.016796 0.190835
0.001572 0.998382 -0.056845 -0.048088
-0.016733 0.056863 0.998242 1.112894
44
0.999907 0.002633 0.013358 0.191616
-0.001845 0.998274 -0.058704 -0.045805
-0.013490 0.058673 0.998186 1.138094
45
0.999947 0.004481 0.009311 0.193218
-0.003917 0.998209 -0.059692 -0.045754
-0.009562 0.059653 0.998173 1.164869
46
0.999967 0.005686 0.005887 0.193348
-0.005305 0.998005 -0.062910 -0.049311
-0.006233 0.062876 0.998002 1.191247
47
0.999973 0.006750 0.002802 0.192874
-0.006556 0.997926 -0.064031 -0.052995
-0.003228 0.064011 0.997944 1.216128
48
0.999972 0.007106 -0.002249 0.195070
-0.007239 0.997808 -0.065778 -0.055367
0.001777 0.065793 0.997832 1.237657
49
0.999916 0.009597 -0.008684 0.196869
-0.010179 0.997518 -0.069679 -0.055538
0.007994 0.069761 0.997532 1.258577
50
0.999743 0.015007 -0.016996 0.198433
-0.016156 0.997440 -0.069652 -0.057367
0.015907 0.069909 0.997427 1.280479
51
0.999613 0.015376 -0.023163 0.199596
-0.016931 0.997508 -0.068492 -0.062427
0.022052 0.068857 0.997383 1.305861
52
0.999444 0.015015 -0.029776 0.200490
-0.016956 0.997672 -0.066050 -0.064717
0.028715 0.066518 0.997372 1.329521
53
0.999192 0.016944 -0.036457 0.201763
-0.019280 0.997717 -0.064730 -0.064183
0.035277 0.065381 0.997237 1.354364
54
0.998867 0.020710 -0.042856 0.203979
-0.023530 0.997517 -0.066378 -0.064489
0.041375 0.067311 0.996874 1.377518
55
0.998273 0.026934 -0.052212 0.206717
-0.030300 0.997440 -0.064775 -0.063554
0.050334 0.066245 0.996533 1.400326
56
0.997807 0.029910 -0.059042 0.210247
-0.033704 0.997359 -0.064341 -0.063234
0.056961 0.066190 0.996180 1.425272
57
0.997209 0.031001 -0.067916 0.212882
-0.035280 0.997405 -0.062751 -0.060951
0.065795 0.064972 0.995716 1.443807
58
0.996707 0.031111 -0.074876 0.216483
-0.035755 0.997466 -0.061502 -0.058679
0.072772 0.063977 0.995294 1.472134
59
0.995849 0.033639 -0.084573 0.219948
-0.038760 0.997466 -0.059661 -0.057634
0.082352 0.062692 0.994630 1.499947
60
0.994806 0.036348 -0.095080 0.226635
-0.042278 0.997235 -0.061119 -0.054611
0.092596 0.064821 0.993592 1.526856
61
0.993396 0.041393 -0.107012 0.231803
-0.048107 0.996981 -0.060940 -0.054525
0.104167 0.065685 0.992388 1.558664
62
0.991854 0.043609 -0.119679 0.237960
-0.051308 0.996755 -0.062022 -0.056215
0.116586 0.067657 0.990873 1.585741
63
0.990380 0.045209 -0.130778 0.243440
-0.053468 0.996745 -0.060345 -0.056553
0.127624 0.066757 0.989573 1.615304
64
0.989017 0.045544 -0.140612 0.246357
-0.054234 0.996808 -0.058596 -0.060096
0.137495 0.065578 0.988329 1.646499
65
0.987219 0.043931 -0.153195 0.248414
-0.053061 0.997018 -0.056024 -0.064926
0.150277 0.063436 0.986607 1.675624
66
0.984978 0.045292 -0.166636 0.250775
-0.054396 0.997242 -0.050484 -0.066570
0.163890 0.058790 0.984725 1.705517
67
0.981631 0.050877 -0.183882 0.250334
-0.060737 0.996980 -0.048385 -0.068636
0.180865 0.058665 0.981757 1.730369
68
0.977460 0.058676 -0.202803 0.251511
-0.070059 0.996318 -0.049409 -0.069974
0.199158 0.062504 0.977972 1.752992
69
0.972381 0.066180 -0.223822 0.251936
-0.079980 0.995378 -0.053153 -0.073446
0.219270 0.069587 0.973180 1.777028
70
0.967203 0.068777 -0.244518 0.250120
-0.084766 0.994856 -0.055467 -0.079835
0.239445 0.074374 0.968057 1.803140
71
0.962028 0.064840 -0.265137 0.250058
-0.080391 0.995597 -0.048215 -0.085461
0.260843 0.067698 0.963005 1.829552
72
0.956511 0.057781 -0.285915 0.243968
-0.072504 0.996518 -0.041167 -0.085364
0.282540 0.060107 0.957370 1.859340
73
0.948946 0.060099 -0.309661 0.240095
-0.075739 0.996376 -0.038723 -0.085059
0.306212 0.060199 0.950058 1.882322
74
0.940859 0.063744 -0.332747 0.236209
-0.081593 0.995866 -0.039931 -0.083971
0.328826 0.064719 0.942170 1.902213
75
0.931319 0.067371 -0.357918 0.228488
-0.087448 0.995358 -0.040186 -0.082767
0.353549 0.068725 0.932888 1.924969
76
0.920866 0.067981 -0.383907 0.218581
-0.089242 0.995292 -0.037820 -0.082154
0.379528 0.069088 0.922597 1.948860
77
0.910438 0.065480 -0.408430 0.208626
-0.086621 0.995679 -0.033459 -0.082129
0.404475 0.065841 0.912176 1.973533
78
0.899019 0.063023 -0.433350 0.195327
-0.083579 0.996093 -0.028529 -0.079977
0.429859 0.061867 0.900774 1.998450
79
0.887982 0.061721 -0.455717 0.182327
-0.081502 0.996387 -0.023863 -0.077619
0.452598 0.058332 0.889805 2.013369
80
0.874228 0.061790 -0.481567 0.167729
-0.082607 0.996337 -0.022125 -0.075240
0.478436 0.059123 0.876130 2.034343
81
0.859520 0.061999 -0.507328 0.152828
-0.084310 0.996216 -0.021094 -0.073639
0.504100 0.060904 0.861495 2.055027
82
0.844008 0.059904 -0.532974 0.139283
-0.083247 0.996331 -0.019845 -0.071163
0.529830 0.061118 0.845899 2.073217
83
0.828246 0.060337 -0.557107 0.125677
-0.087206 0.995952 -0.021784 -0.067823
0.553537 0.066625 0.830155 2.091232
84
0.811798 0.061745 -0.580664 0.109177
-0.092061 0.995491 -0.022850 -0.067686
0.576635 0.072006 0.813822 2.108399
85
0.795051 0.059864 -0.603581 0.094984
-0.091099 0.995615 -0.021251 -0.070138
0.599662 0.071882 0.797018 2.120771
86
0.777554 0.056977 -0.626230 0.081206
-0.089924 0.995726 -0.021059 -0.071584
0.622354 0.072688 0.779354 2.137692
87
0.759116 0.056027 -0.648539 0.066397
-0.092555 0.995457 -0.022339 -0.071257
0.644342 0.076984 0.760853 2.154685
88
0.739927 0.051773 -0.670692 0.051114
-0.090359 0.995648 -0.022830 -0.072844
0.666591 0.077496 0.741385 2.171251
89
0.720554 0.049115 -0.691658 0.032523
-0.086069 0.996109 -0.018931 -0.074528
0.688037 0.073171 0.721977 2.191656
90
0.701976 0.045803 -0.710726 0.014934
-0.080335 0.996653 -0.015117 -0.075812
0.707655 0.067709 0.703306 2.210577
91
0.681369 0.046324 -0.730472 -0.003318
-0.080302 0.996702 -0.011697 -0.073936
0.727521 0.066629 0.682842 2.228865
92
0.661747 0.047427 -0.748225 -0.018520
-0.083134 0.996485 -0.010363 -0.072536
0.745104 0.069060 0.663364 2.243970
93
0.641745 0.045916 -0.765543 -0.035329
-0.082431 0.996553 -0.009329 -0.072115
0.762475 0.069092 0.643318 2.261420
94
0.621719 0.043248 -0.782045 -0.051436
-0.078236 0.996910 -0.007066 -0.070537
0.779323 0.065578 0.623181 2.279037
95
0.600384 0.040746 -0.798673 -0.069892
-0.074082 0.997241 -0.004813 -0.068356
0.796273 0.062057 0.601746 2.298313
96
0.578417 0.038049 -0.814853 -0.089126
-0.072815 0.997332 -0.005117 -0.064816
0.812485 0.062294 0.579645 2.320671
97
0.558302 0.036038 -0.828855 -0.107507
-0.074067 0.997232 -0.006531 -0.061599
0.826325 0.065037 0.559426 2.338670
98
0.537547 0.032433 -0.842610 -0.125230
-0.072780 0.997316 -0.008043 -0.059118
0.840087 0.065649 0.538465 2.357515
99
0.516352 0.028407 -0.855905 -0.142340
-0.069232 0.997563 -0.008659 -0.057696
0.853573 0.063727 0.517060 2.376868
100
0.495870 0.025900 -0.868010 -0.162393
-0.065450 0.997827 -0.007616 -0.055849
0.865927 0.060587 0.496488 2.396737
101
0.475482 0.021474 -0.879463 -0.182020
-0.062857 0.997976 -0.009616 -0.053590
0.877477 0.059852 0.475869 2.416323
102
0.454846 0.018795 -0.890372 -0.201389
-0.064070 0.997877 -0.011666 -0.051652
0.888262 0.062352 0.455085 2.436155
103
0.434172 0.017440 -0.900661 -0.225365
-0.065246 0.997795 -0.012131 -0.053077
0.898464 0.064032 0.434353 2.456061
104
0.413029 0.014916 -0.910596 -0.249553
-0.061079 0.998068 -0.011355 -0.058246
0.908668 0.060308 0.413142 2.474383
105
0.391880 0.015349 -0.919888 -0.271452
-0.058856 0.998231 -0.008417 -0.058027
0.918132 0.057440 0.392090 2.491461
106
0.371500 0.014763 -0.928316 -0.295395
-0.060643 0.998124 -0.008395 -0.055229
0.926450 0.059415 0.371698 2.507371
107
0.351259 0.013507 -0.936181 -0.315569
-0.066733 0.997714 -0.010644 -0.056021
0.933897 0.066213 0.351357 2.520052
108
0.329374 0.010701 -0.944139 -0.334582
-0.065088 0.997814 -0.011397 -0.061340
0.941953 0.065206 0.329351 2.532226
109
0.310133 0.009414 -0.950647 -0.360143
-0.057284 0.998319 -0.008802 -0.064758
0.948966 0.057186 0.310151 2.547039
110
0.290466 0.012766 -0.956800 -0.387982
-0.053209 0.998579 -0.002829 -0.063046
0.955405 0.051732 0.290732 2.561352
111
0.270746 0.010013 -0.962599 -0.410746
-0.052255 0.998624 -0.004310 -0.058589
0.961231 0.051467 0.270897 2.573003
112
0.251957 0.005061 -0.967725 -0.433372
-0.053902 0.998507 -0.008812 -0.055969
0.966236 0.054382 0.251854 2.583479
113
0.232872 0.001889 -0.972506 -0.454130
-0.056485 0.998336 -0.011586 -0.054983
0.970866 0.057630 0.232591 2.590796
114
0.212539 0.001233 -0.977152 -0.479700
-0.053771 0.998499 -0.010436 -0.054241
0.975672 0.054760 0.212286 2.599893
115
0.193438 0.000184 -0.981113 -0.504213
-0.049402 0.998733 -0.009553 -0.052674
0.979868 0.050317 0.193202 2.606795
116
0.174133 -0.001754 -0.984721 -0.531065
-0.046926 0.998848 -0.010077 -0.047766
0.983603 0.047963 0.173850 2.612534
117
0.155354 -0.003316 -0.987853 -0.556756
-0.045025 0.998931 -0.010434 -0.043349
0.986832 0.046099 0.155039 2.617879
118
0.136634 -0.005379 -0.990607 -0.582330
-0.043566 0.998985 -0.011433 -0.039735
0.989663 0.044719 0.136261 2.623565
119
0.117550 -0.007932 -0.993035 -0.609246
-0.040206 0.999110 -0.012739 -0.039914
0.992253 0.041424 0.117127 2.625592
120
0.098952 -0.009942 -0.995043 -0.636770
-0.036680 0.999234 -0.013632 -0.036474
0.994416 0.037847 0.098512 2.628213
121
0.079114 -0.010904 -0.996806 -0.665276
-0.034192 0.999322 -0.013645 -0.030962
0.996279 0.035162 0.078687 2.628588
122
0.059926 -0.012524 -0.998124 -0.693068
-0.034529 0.999297 -0.014612 -0.029445
0.997605 0.035340 0.059451 2.628120
123
0.041558 -0.012542 -0.999057 -0.717455
-0.032696 0.999369 -0.013906 -0.031529
0.998601 0.033243 0.041122 2.626526
124
0.024339 -0.012922 -0.999620 -0.741073
-0.028456 0.999502 -0.013613 -0.033720
0.999299 0.028777 0.023959 2.626904
125
0.006025 -0.015186 -0.999867 -0.759845
-0.025795 0.999550 -0.015337 -0.032262
0.999649 0.025884 0.005631 2.628063
126
-0.013375 -0.016494 -0.999775 -0.782662
-0.023153 0.999601 -0.016182 -0.031618
0.999642 0.022931 -0.013752 2.628605
127
-0.031070 -0.015602 -0.999395 -0.811753
-0.016459 0.999751 -0.015096 -0.036696
0.999382 0.015980 -0.031319 2.628535
128
-0.050433 -0.012125 -0.998654 -0.842364
-0.009050 0.999891 -0.011683 -0.037647
0.998686 0.008449 -0.050537 2.632481
129
-0.067805 -0.008284 -0.997664 -0.866144
-0.001649 0.999965 -0.008191 -0.034825
0.997697 0.001089 -0.067817 2.633131
130
-0.085280 -0.004250 -0.996348 -0.886719
0.004120 0.999981 -0.004618 -0.032783
0.996348 -0.004499 -0.085261 2.632882
131
-0.103167 -0.001357 -0.994663 -0.908415
0.007811 0.999967 -0.002175 -0.028830
0.994633 -0.007994 -0.103153 2.634314
132
-0.121499 0.003230 -0.992586 -0.932528
0.012499 0.999920 0.001724 -0.029527
0.992513 -0.012197 -0.121530 2.634603
133
-0.140373 0.009671 -0.990051 -0.959909
0.020148 0.999773 0.006910 -0.029911
0.989894 -0.018978 -0.140536 2.633645
134
-0.161144 0.018633 -0.986755 -0.991412
0.029339 0.999470 0.014082 -0.023531
0.986495 -0.026682 -0.161606 2.631383

24 91 0.930384 0.161868 1.197068
22 80 -2.371861 1.131595 4.247146
1 2 -0.868863 -0.475457 -0.862452
1 2 -1.426432 -0.227096 -0.849454
29 133 0.841899 -0.158292 2.440939
2 3 -1.267982 0.553491 -0.862490
22 80 1.437135 -0.668244 3.161811
22 80 0.717710 0.207401 -0.014696
1 2 -0.448438 1.186170 2.191120
1 2 -0.168375 -0.645372 -1.387938
1 2 -0.821518 -0.576135 -1.564314
6 12 -2.976767 2.041388 6.412900
2 3 -0.683048 -0.270534 -0.950291
1 2 -0.566633 -0.243990 -0.941653
0 0 -0.778067 0.206685 -0.949260
1 2 -3.048783 1.181092 4.670300
0 0 1.009796 0.109472 1.116647
1 2 -2.183061 0.574630 -0.644335
1 2 -0.513526 -0.955188 1.233958
0 0 1.011829 0.261293 0.848471
1 2 -3.080498 1.323254 0.231498
2 3 -0.368723 -0.927640 -0.601941
22 80 -7.143288 -0.017569 2.963707
1 2 -3.076915 1.301475 0.160441
22 80 1.202045 0.001407 3.409065
1 2 -0.305651 -0.291995 -1.064687
1 2 -0.810997 -0.571428 -0.890367
2 3 1.024160 -0.140124 1.847052
1 2 1.022737 0.491305 1.051620
22 80 1.159255 -0.370660 1.908314
0 0 0.857216 0.507783 0.374144
0 0 0.837447 0.610279 0.271520
21 75 0.980033 0.091838 1.446026
2 3 -0.783510 0.243837 -0.916691
1 2 -1.691454 0.603651 -0.592384
12 34 -0.856210 -0.690112 -1.870564
25 98 1.110855 -0.314659 3.873028
0 0 -2.698343 1.415261 0.467444
1 2 -0.995584 -0.438725 -0.836352
19 65 1.159941 -0.189646 2.404636
0 0 -1.088812 0.232241 -0.902307
29 133 -0.458822 -0.859353 1.237810
2 3 0.923570 0.954099 0.716660
1 2 1.318770 -0.354861 2.742414
29 133 0.783820 -0.167904 0.817509
1 2 -0.476906 -0.248986 -0.911430
0 0 -0.849058 -0.661906 -0.925617
22 80 -0.154478 0.777698 3.265894
1 2 -0.496987 -0.918232 1.018979
1 2 1.087374 0.682839 1.953387
1 2 -0.842131 0.855975 -0.889144
27 113 -1.525103 1.075976 -0.693438
1 2 -1.764418 0.619680 -0.619184
2 3 -1.226160 1.216188 1.536346
1 2 1.182538 1.354576 2.413840
24 91 0.651204 2.055200 -1.226821
1 2 -3.492466 1.416468 0.411849
22 80 0.987026 0.518046 1.334926
1 2 -0.521318 -0.255913 -0.903670
1 2 0.997997 0.560113 1.234042
1 2 0.518847 1.833416 4.514043
29 133 -4.425241 2.028474 0.762033
2 3 0.955079 1.101682 0.931222
1 2 -2.862311 1.668271 0.907101
9 22 -4.109125 0.951009 7.249963
12 34 1.186972 0.615623 2.726023
0 0 -1.414346 -0.226352 -0.835731
22 80 0.946247 -0.029443 1.161863
1 2 -2.846506 1.661049 0.819537
26 106 0.026471 -0.475463 6.964157
1 2 -0.157633 -0.534574 -1.195591
6 12 1.100600 -0.061321 2.122258
29 133 1.144446 0.182845 2.366350
26 106 -1.918802 1.374010 -0.520312
1 2 -3.371503 -0.490023 -1.489202
1 2 -3.034009 -0.474248 -1.410403
9 22 1.148712 0.212121 1.989002
27 113 1.287144 -0.611504 3.119040
1 2 -1.477349 -0.626001 -0.872687
1 2 -1.307086 1.511297 4.130802
7 15 1.162235 1.223794 2.637281
26 106 -4.758710 1.047311 -0.131987
19 65 0.150700 0.020772 3.280304
0 0 0.959853 0.622332 0.810307
1 2 -1.013871 -0.297251 -0.850986
29 133 -7.685995 -0.166239 5.388505
1 2 -4.676541 -0.043376 -0.381427
1 2 -1.637553 1.287807 0.857053
1 2 -3.224188 -0.262148 7.918107
29 133 -5.861469 1.429817 6.790772
1 2 -2.348989 -0.200957 -0.838688
26 106 -0.890600 -0.864533 2.804930
24 91 1.038994 -0.183973 2.604636
1 2 -3.491528 -0.119577 -0.583743
9 22 -0.688836 -0.847444 -0.159899
1 2 -0.133187 -0.504295 -1.243072
29 133 -0.014894 0.191768 6.894642
2 3 0.812715 0.275726 -0.024935
1 2 -0.825468 -0.648127 -0.893154
24 91 0.354104 -1.006184 6.095694
24 91 -0.899664 -0.868244 2.804619
19 65 -0.508823 0.152897 3.395504
17 57 1.143462 0.402414 2.228271
0 0 -0.864924 -0.520371 -0.938900
1 2 0.761871 0.526791 7.310755
1 2 -0.668182 -0.742728 -0.952647
25 98 0.155768 -0.414375 -1.355724
1 2 -4.900668 1.054352 0.538752
1 2 -0.354054 -0.507565 -1.232758
24 91 -2.302669 1.395616 -0.143947
2 3 -1.027115 -0.558551 -0.873944
1 2 -0.376852 -0.299137 -0.945807
0 0 0.828052 -0.104428 0.227077
1 2 -0.937123 -0.614201 -0.843237
12 34 1.122277 0.078212 2.040193
27 113 -1.885028 1.352963 -0.494557
0 0 -1.458833 -0.242837 -0.871282
25 98 -0.712468 -0.875662 -0.171918
2 3 -2.415302 -0.196477 -0.804349
1 2 -0.160811 -0.367637 -1.053684
2 3 -3.709102 2.111269 1.579840
1 2 -0.261396 -0.328487 -1.027000
0 0 0.289147 0.601831 4.948916
0 0 0.841761 0.437207 0.298590
7 15 0.193968 -0.217874 -0.976910
1 2 -0.625628 -0.343521 -0.632538
24 91 1.095868 -0.163245 1.990478
24 91 -2.841994 1.131348 4.612268
1 2 -0.817960 -0.328231 -0.909168
1 2 -0.672995 -0.267230 -0.924607
1 2 -0.656040 -0.315499 -0.961916
1 2 0.255240 0.988986 3.915617
1 2 -0.712333 -0.863645 1.255824
2 3 0.365312 -0.717684 -0.880110
12 34 1.377301 1.081303 3.019188
2 3 -0.284320 -0.315700 -0.969951
1 2 -0.758565 -0.937832 1.267410
1 2 0.836192 0.167739 0.838971
29 133 1.201165 -0.185194 2.412869
1 2 -3.238285 -0.281030 8.037298
1 2 -0.519500 -0.975265 1.231019
1 2 -2.654225 -0.799808 4.233817
1 2 -0.651233 -1.026775 1.273643
29 133 1.105756 -0.353794 1.939734
27 113 1.258947 0.308081 3.345151
1 2 -0.919133 1.187244 1.498164
24 91 -0.195821 0.126828 3.271042
2 3 1.036573 1.282787 1.450889
22 80 -5.272195 1.957188 2.762592
1 2 -0.448252 -0.869454 1.197714
1 2 -4.193099 -0.255533 8.908781
12 34 1.275326 0.689617 2.876030
2 3 1.262347 1.319781 1.828649
1 2 -1.404125 -1.544764 1.322865
22 80 -0.272891 -0.949403 3.851859
0 0 -0.495936 -0.225592 -1.041651
25 98 -1.125160 0.531391 -1.013457
22 80 -1.776554 1.402298 -0.690114
1 2 -3.463984 -0.682550 0.288550
1 2 1.019950 0.119031 1.143788
0 0 1.020707 -0.021860 1.125171
1 2 1.181345 0.619681 7.562181
29 133 0.900493 -0.075479 0.033599
27 113 -1.117450 0.364522 7.509819
22 80 1.210373 0.042375 2.766199
1 2 -3.116322 -0.745217 3.007551
1 2 -2.890530 -0.653673 1.541678
0 0 1.141383 -0.300992 1.801198
1 2 -0.240944 -0.967674 0.489470
25 98 -3.499466 1.366054 0.525354
1 2 -6.085557 0.077772 4.091038
0 0 -2.251752 0.594527 -0.671812
26 106 -0.743083 -0.878093 2.910562
1 2 -0.948171 1.245406 0.024636
24 91 1.241263 0.039890 2.873960
1 2 -1.634733 0.714403 -0.815135
2 3 0.895859 0.177642 0.128111
1 2 -1.127152 0.310809 -0.925456
0 0 -0.689199 -0.275587 -0.966245
1 2 -1.269471 0.313301 -0.866009
1 2 -0.477416 -0.778355 7.173144
22 80 1.108246 0.303213 2.028272
1 2 -6.238269 1.437541 6.085103
1 2 -1.017397 0.465735 -0.834543
17 57 -0.746290 -0.612850 -1.559175
12 34 -1.725724 0.842821 -0.639405
0 0 0.770374 0.160488 -0.019240
25 98 1.076988 -0.320864 3.823567
1 2 -1.049522 0.542397 -0.884756
1 2 1.840606 -0.988032 4.396389
1 2 -0.993874 0.406663 -0.877734
0 0 0.909272 -0.058982 0.611887
1 2 -1.264748 0.557501 -0.854296
0 0 0.979595 -0.117218 0.671323
22 80 -5.005661 -0.221515 -2.171020
1 2 -1.542095 0.259317 -0.843859
1 2 0.648402 1.844780 4.755144
1 2 -1.038550 0.220574 -0.899951
1 2 1.454055 0.992976 3.865823
0 0 0.906409 -0.198581 1.231621
24 91 -0.015146 -0.960912 3.793015
1 2 -1.267647 0.238166 -0.847071
2 3 0.960797 0.465748 0.807132
1 2 -2.860241 0.693716 -0.443574
22 80 -1.137061 1.262449 1.272823
1 2 -3.745911 0.914449 -0.183819
1 2 -3.536842 1.024172 6.543109
25 98 -1.241356 -0.852655 3.639372
6 12 -0.694172 -0.479437 -1.312746
19 65 1.214207 0.155972 2.568494
1 2 0.788274 0.223936 -0.016204
22 80 -2.944747 1.598956 0.916521
1 2 -2.225803 0.506619 -0.621972
12 34 1.118464 0.313458 2.064663
2 3 1.064671 0.301394 1.975175
1 2 0.658640 -0.171662 -0.045305
1 2 -0.948490 -0.876870 2.793885
12 34 0.810640 -0.175262 0.835815
12 34 -0.422953 1.160891 2.164629
27 113 -1.438663 -0.836716 3.531615
22 80 1.186017 0.369018 2.485900
1 2 -2.578353 0.644323 -0.450370
22 80 1.090247 0.166333 1.752584
1 2 -6.312525 1.445419 3.071589
1 2 -2.363571 0.572910 -0.437501
24 91 0.655096 -0.508156 6.865076
0 0 -0.825149 -0.647555 -0.892287
1 2 -5.605678 -0.615242 3.504568
1 2 1.094128 0.971809 1.687905
2 3 1.093231 0.574707 1.687394
1 2 -1.316843 0.962410 -0.560314
12 34 -0.618067 0.987963 -0.872975
1 2 -1.482961 0.656658 -0.626177
1 2 -1.103139 0.821979 -0.862834
12 34 -1.054667 1.150020 -0.777994
26 106 1.033109 -0.140248 6.448456
22 80 -2.608438 1.210177 0.505266
1 2 -1.634754 1.211432 -0.232793
2 3 -2.661891 -0.600590 1.396291
1 2 0.933660 0.993812 0.655917
1 2 -2.890112 1.433980 -0.238841
1 2 -2.421451 1.222453 -0.328898
12 34 1.066248 -0.061153 1.680521
1 2 0.791095 -0.170031 0.836844
1 2 0.845277 0.212024 0.339038
22 80 -0.864205 -0.777908 0.049575
1 2 -1.988234 1.074218 -0.288221
19 65 -0.710476 -0.440788 7.425659
0 0 1.282064 -0.443252 2.339512
24 91 -1.548873 -0.414223 -1.015775
1 2 1.161986 0.300060 0.972893
1 2 -1.500358 0.671090 -0.492477
29 133 1.693055 0.041175 4.535097
6 12 -0.755408 -0.942404 -0.162320
1 2 0.856560 0.174964 0.818901
1 2 0.836698 0.159261 0.233975
1 2 -1.716075 1.089511 -0.521758
1 2 -1.890847 1.046019 -0.415130
1 2 0.841950 0.392072 0.370802
29 133 -4.865244 1.603248 0.758906
1 2 -0.416863 0.151820 -0.952400
1 2 -3.536566 1.388506 4.133931
1 2 -0.234877 0.155386 -1.098935
1 2 0.889579 0.002719 0.371552
1 2 -0.191750 0.103265 -1.035412
24 91 -6.899794 0.230131 2.958103
1 2 -0.808211 0.325744 -0.932552
24 91 -0.196918 -0.555461 -1.467011
2 3 -3.513736 -0.133454 -0.604606
1 2 -0.766755 0.202664 -0.935919
1 2 1.101988 0.588839 1.643687
1 2 -0.902169 0.893381 -0.995388
24 91 -0.488028 1.023361 -0.860616
24 91 -0.012992 -0.963877 3.797595
2 3 -2.291414 -0.498653 1.173413
1 2 -0.737831 0.599322 -0.921241
1 2 -0.890446 0.586839 -0.884828
27 113 1.104171 -0.273251 3.891976
1 2 -0.848812 0.594510 -0.913252
9 22 -0.481794 -0.893335 7.377731
2 3 -2.249569 0.585279 -0.651405
1 2 -1.422153 1.691734 4.463857
1 2 0.823058 0.486036 0.191674
26 106 1.259607 -0.207556 2.650605
12 34 -3.275413 2.106072 6.127792
1 2 0.995452 0.216748 1.229943
1 2 -0.921443 1.189383 1.507028
1 2 0.832513 -0.177354 0.847403
1 2 1.057879 1.427534 3.745907
1 2 -0.885776 1.216491 0.951291
1 2 -0.945635 1.221942 1.766053
0 0 -3.110950 -0.703380 1.640846
24 91 0.182399 -0.980584 4.972398
1 2 0.888213 0.463186 0.311172
26 106 -3.222125 -0.524109 -4.026134
1 2 -1.262542 1.245985 1.556736
24 91 -2.585475 1.648886 0.281645
1 2 -1.073476 1.213945 1.606785
29 133 1.022136 0.473897 0.971072
1 2 -0.456497 1.180550 2.169214
26 106 1.201239 -0.197963 2.773986
1 2 1.020842 0.121200 1.228517
29 133 -6.761989 9.604131 4.552733
26 106 -1.631488 1.313617 0.750938
1 2 -1.254550 1.242020 1.782777
1 2 -0.442094 2.086847 2.324925
24 91 1.357172 -0.619972 2.675898
1 2 1.014370 0.742715 1.431424
7 15 -3.310094 1.335074 8.373754
1 2 0.906364 0.696415 0.086251
1 2 -0.436477 1.657108 2.062810
1 2 -0.669098 -0.464558 -1.279884
1 2 -0.997720 1.801762 3.401712
1 2 0.853258 0.503841 0.372054
1 2 -0.512513 1.484280 2.333787
1 2 1.062348 1.425091 1.451498
1 2 -0.435469 1.174625 2.174765
27 113 -0.262552 -0.926260 3.803442
1 2 -5.040554 1.445506 1.553758
24 91 -0.264482 -0.929636 3.811459
24 91 0.774000 -1.098415 7.016316
1 2 -3.242031 2.038976 1.722489
1 2 0.973399 0.074523 -0.157757
2 3 -0.294823 0.167550 -1.184991
25 98 -6.495556 0.611708 -0.151878
1 2 1.007968 0.443808 1.428027
1 2 -4.857430 1.341430 1.198604
1 2 -4.990932 1.605428 1.552446
1 2 -5.663032 0.463694 2.690426
1 2 -3.912513 1.645992 1.709585
1 2 -0.101568 -1.118333 4.166698
1 2 -4.403043 1.558102 1.728228
24 91 -4.804512 -0.631742 5.752090
24 91 0.930203 0.987254 0.403972
1 2 0.889002 1.113677 1.169900
2 3 -0.647274 -0.338019 -0.968650
1 2 -3.995896 1.459168 0.503737
0 0 1.091695 0.032554 2.369481
12 34 0.889532 -0.020887 0.667667
24 91 0.576968 -0.892691 -0.633106
0 0 -0.879016 -0.504737 -0.876017
2 3 -0.416259 0.154393 -0.958683
1 2 -3.939564 1.341512 2.273062
29 133 -2.433083 0.902127 -0.549665
1 2 -2.843017 2.115762 0.819011
0 0 -1.070590 0.546000 -0.904376
1 2 -5.805153 1.071667 6.955917
26 106 -1.297364 0.550049 -0.943816
1 2 -1.821673 1.428945 0.350362
1 2 -2.218938 1.441965 0.368600
22 80 -0.723649 1.271731 0.204095
1 2 -3.213346 1.555177 1.018511
1 2 0.312084 0.472811 5.742362
28 123 1.146654 0.394317 2.164791
1 2 -3.473910 2.271440 1.464024
24 91 -5.806720 -0.597481 3.524779
21 75 1.141093 0.065144 2.294415
1 2 -3.278648 1.508359 0.324350
1 2 -5.938861 1.325700 8.074890
2 3 1.089615 0.572263 1.686033
1 2 -2.504910 1.186857 0.448932
1 2 -0.253787 -0.939863 2.506997
1 2 -2.969726 1.302331 0.549724
1 2 -2.700626 0.796246 -0.394061
6 12 1.115224 0.103621 2.546592
2 3 0.527173 0.745400 -1.043480
1 2 -2.700218 1.416762 0.477097
1 2 -4.343679 -0.790267 8.003392
12 34 -4.115615 0.844339 8.311364
22 80 -2.386833 1.260310 -0.260480
1 2 -1.551289 1.279024 1.095737
24 91 -6.799177 0.080865 5.044312
0 0 -2.013493 1.427799 0.335641
1 2 -1.176786 1.212920 1.039982
1 2 -1.270531 1.275357 1.014998
6 12 1.251100 -0.341523 6.435409
1 2 -5.680408 1.326426 2.804910
2 3 -2.790810 1.915169 1.507776
1 2 -1.314802 1.290187 0.792997
1 2 1.049856 1.184195 3.803218
1 2 -3.389536 1.667510 1.877411
0 0 0.874961 0.158288 0.319178
27 113 -3.768580 1.668792 6.467437
1 2 -3.360955 1.582269 1.603161
1 2 -4.172110 2.276816 2.875699
0 0 0.896083 -0.010022 0.547682
1 2 -3.435855 2.230833 1.791249
1 2 -4.880042 -0.755823 7.381209
1 2 1.275888 1.111105 3.507782
1 2 0.850346 -0.100764 0.584132
19 65 -3.847634 2.205250 1.539198
0 0 0.871292 0.671498 0.085260
1 2 0.775106 -0.097276 0.414159
2 3 0.917397 -0.036950 0.750761
1 2 0.887406 -0.014046 0.525675
19 65 -3.022130 1.145306 4.587432
1 2 0.984437 0.774840 0.765763
1 2 0.912307 -0.057434 0.610679
1 2 -2.044804 0.647818 -0.498894
1 2 0.815294 -0.113316 0.820693
1 2 0.780761 -0.101527 0.418713
2 3 -0.447827 1.176498 2.163128
1 2 0.935883 -0.005801 0.798071
27 113 -0.950049 -0.809164 0.001832
1 2 -1.176407 1.216762 1.045696
1 2 0.904286 0.645224 0.249046
1 2 0.918715 -0.049431 0.751257
22 80 -6.855575 2.433032 4.050906
24 91 -4.055764 1.463976 0.558157
1 2 0.873171 0.530386 0.828264
26 106 0.132544 -0.923130 4.831768
1 2 0.805175 -0.102112 0.118321
2 3 -1.294868 1.276391 1.600006
0 0 -1.087800 0.299175 -0.890512
27 113 1.028524 0.436156 1.302171
1 2 0.835937 -0.122607 0.226225
1 2 -0.492382 1.232705 2.244025
0 0 -1.015752 0.220912 -0.882093
13 39 0.965396 -0.098964 0.903922
12 34 1.036820 -0.112838 1.612468
2 3 1.003723 0.261708 1.047790
0 0 0.988347 0.244193 1.063628
1 2 0.914607 -0.206412 1.359941
1 2 -2.249689 1.447008 0.055439
1 2 -2.858393 1.100150 7.093889
1 2 -0.058606 -1.003418 5.152412
0 0 0.875721 -0.187070 0.427864
1 2 0.833405 -0.215650 0.945947
28 123 1.155581 0.050811 2.017476
2 3 0.859331 0.510581 0.345379
1 2 1.217591 1.518116 3.280519
6 12 -4.282117 2.178204 1.435032
9 22 -0.708441 -0.862611 1.252395
1 2 1.001289 -0.077101 1.157898
22 80 0.186445 -0.409528 -1.221110
1 2 0.954162 -0.211787 1.743364
25 98 1.178296 0.393764 2.444414
0 0 0.995721 -0.123471 1.104923
12 34 0.143429 0.026984 3.354957
2 3 -2.927805 1.454274 -0.243763
1 2 1.090812 -0.062295 2.108683
25 98 -4.438111 -0.071383 0.135274
1 2 1.274888 -0.526985 1.774020
1 2 1.415283 -0.650035 2.725753
1 2 0.844149 0.489499 0.335730
22 80 1.369485 -0.620949 2.674808
2 3 -1.888786 1.323459 -0.041538
1 2 0.597658 -0.966625 0.158697
0 0 -1.034354 -0.744942 -0.876434
1 2 0.596603 -0.967703 0.175080
1 2 0.198373 -0.972568 0.740625
0 0 -1.014600 -0.547127 -0.853378
1 2 0.129334 -0.323392 -0.718327
0 0 -1.970191 0.640499 -0.573157
0 0 -1.257633 1.245946 1.566343
1 2 0.087786 -0.359131 -1.030743
1 2 -0.429988 1.650047 2.048329
12 34 -1.120222 1.209738 -0.887157
25 98 -3.409984 0.939559 -0.060577
24 91 1.149722 0.056842 2.255572
0 0 -0.533637 -0.299013 -0.921581
1 2 0.316095 -0.303617 -1.055127
1 2 0.676125 -0.147326 -0.020764
6 12 -4.668991 -0.486619 -1.716127
1 2 0.868193 0.424682 0.855202
1 2 0.916842 0.145124 0.626586
0 0 0.896594 0.646201 0.375450
1 2 0.841290 0.244870 0.329418
9 22 0.864950 -0.012121 0.444200
1 2 0.837696 0.006454 0.296727
1 2 0.861321 0.156558 0.311273
12 34 0.521668 1.836574 4.508005
28 123 -2.767350 1.332101 4.568975
0 0 0.974570 0.543571 -0.099485
25 98 1.282625 0.327232 3.181087
1 2 0.889185 0.609686 0.399108
2 3 -1.279060 0.255713 -0.887842
12 34 -1.381683 1.060494 -0.504233
25 98 1.059793 -0.231851 2.145606
24 91 -1.111870 0.519630 -0.923808
0 0 -1.324995 1.319020 1.046373
1 2 0.885844 0.756862 0.863111
1 2 0.856792 0.645131 0.160152
1 2 -1.256299 1.241691 1.553928
24 91 -1.240656 1.269035 1.765224
1 2 0.904986 0.681204 0.236855
1 2 0.820746 0.349425 0.131565
21 75 -7.222598 0.040483 -0.386243
0 0 0.767727 -0.163552 0.418548
1 2 0.853514 0.504941 0.371371
1 2 0.998602 0.458061 1.241042
1 2 -6.849740 0.077047 5.057309
28 123 -1.313375 -0.876208 3.679681
27 113 1.448034 -0.445007 3.629062
0 0 0.988580 0.229958 1.232077
1 2 1.100709 0.786856 1.689480
9 22 1.116325 0.077776 2.027908
1 2 1.026605 0.095514 1.500290
2 3 -3.512024 1.434375 6.139922
1 2 1.041029 0.755002 1.478035
1 2 1.173470 0.437412 2.155908
1 2 1.158135 1.564019 2.156202
1 2 0.809987 0.007250 0.437486
0 0 -1.027385 -0.291672 -0.930287
1 2 1.120936 1.132124 2.411741
1 2 1.125635 1.363690 2.201531
1 2 0.776541 0.165758 -0.022276
25 98 -2.146320 1.390859 0.412074
1 2 -3.466108 -0.680757 0.312919
26 106 1.243756 -0.289198 3.756312
0 0 -0.807985 -0.574427 -0.887297
1 2 -0.784404 -0.315124 -0.864816
0 0 -0.659786 -0.819749 -0.476320
24 91 -1.046348 1.212989 -0.866867
1 2 -0.594812 -0.670081 -0.854490
6 12 1.120897 -0.253368 2.694245
1 2 -0.819685 -0.591285 -0.897649
0 0 -0.510328 -0.947455 1.229905
0 0 0.825126 0.491907 0.135543
0 0 -0.459322 -0.882566 1.213522
0 0 -1.199612 0.410396 -0.863337
25 98 -4.226109 1.452475 0.170155
0 0 0.798037 0.696344 0.504335
25 98 -1.432611 -0.826603 3.502021
1 2 1.169730 1.862868 3.360242
1 2 0.914939 -0.042929 0.750439
25 98 -3.776791 1.724339 3.615669
0 0 -2.242281 1.541575 0.037299
0 0 -1.519682 0.255997 -0.828102
0 0 0.809450 0.515076 -0.013440
0 0 -0.749610 -0.832238 -0.976424
0 0 -0.771581 1.266574 0.172844
0 0 0.870808 -0.064782 1.040906
24 91 1.319366 -0.407926 3.107028
0 0 -1.666142 1.236226 -0.237214
1 2 0.990096 0.453064 1.235572
0 0 -2.085446 1.449540 0.022502
0 0 0.768291 -0.974430 0.338447
0 0 -1.550738 1.214571 -0.190153
1 2 -4.992272 1.606553 1.534820
21 75 -2.876705 1.434451 -0.158937
12 34 1.107066 0.590423 1.698275
0 0 0.156952 -0.191817 -0.844889
22 80 -5.852547 1.388907 5.916952
0 0 0.626086 -0.970843 -0.698353
1 2 -5.490500 1.505616 5.115104
22 80 0.523808 1.003731 5.359979
0 0 0.793757 0.197853 0.389944
0 0 0.858286 0.418649 0.852629
0 0 0.863317 0.407646 0.378700
0 0 -0.742070 0.599293 -0.926305
1 2 -0.564870 -0.242208 -0.936801
0 0 1.018036 1.062966 1.473985
0 0 -2.242722 1.447535 0.062095
0 0 -0.854595 1.247019 1.193202
12 34 1.172650 0.026807 2.468026
0 0 0.823402 0.268361 0.111715
0 0 1.017743 0.114201 1.224018
12 34 0.975094 0.293259 0.983512
0 0 0.829372 0.147188 0.232033
0 0 -2.143719 1.683412 0.407918
1 2 -2.174493 -0.893339 6.763174
0 0 0.834147 0.244204 0.329609
20 69 -0.194784 -0.498891 -1.236415
12 34 0.982432 -0.078974 1.153971
27 113 0.208705 -1.017422 5.068800
1 2 -1.767290 0.597489 -0.616962
1 2 -2.753750 -0.625519 1.428306
9 22 -2.641876 1.410440 6.381915
0 0 1.004485 0.562705 -0.100283
0 0 0.900310 0.284483 0.221197
0 0 -1.477917 1.223760 1.055564
1 2 -1.262743 0.511509 -0.872469
27 113 -5.263245 1.014875 6.416008
0 0 1.185322 -0.008871 0.992939
9 22 -2.586385 1.683253 3.961883
0 0 0.822854 0.259469 0.156407
20 69 -2.119260 -0.875824 6.654478
0 0 -0.866415 -0.393735 -0.894213
13 39 -1.272456 1.258699 1.559332
12 34 -2.515088 1.005493 -0.316710
25 98 -0.919848 1.220744 1.783298
0 0 -2.712734 1.418487 0.465738
12 34 -0.713174 -0.350906 -1.116680
0 0 0.871836 0.011163 0.352049
0 0 -1.417601 -0.233897 -0.838796
0 0 0.820145 -0.174459 0.842090
0 0 0.927244 -0.042133 0.750362
0 0 0.779841 -0.100404 0.416927
24 91 -5.210269 1.575771 0.946695
0 0 0.800544 0.243439 0.324765
0 0 -0.817209 -0.585191 -0.895317
0 0 -2.166795 1.527835 0.347911
0 0 0.949331 0.917604 0.414211
1 2 -3.478741 1.433115 6.072047
6 12 0.891150 -0.011295 0.546713
24 91 1.149460 -0.174473 2.352517
0 0 0.819195 0.349916 0.133622
0 0 0.632270 -0.137167 -0.013257
0 0 0.820966 0.484106 0.190848
0 0 0.842006 0.032290 0.250647
0 0 -1.028044 0.229033 -0.905513
12 34 -0.792734 -0.851905 -1.268771
28 123 1.114635 0.605202 2.024014
0 0 1.005672 0.077393 -0.163554
0 0 0.853108 0.400423 0.374670
0 0 0.871638 -0.038971 0.340689
0 0 0.954151 0.752152 0.748050
0 0 0.832067 -0.044517 0.242646
28 123 1.226160 0.442493 1.896505
0 0 -1.275035 0.321184 -0.888783
0 0 0.874546 0.158708 0.321388
0 0 -3.559941 2.037438 6.364467
27 113 -2.825372 1.353684 4.427521
0 0 1.059599 0.122613 1.167030
0 0 0.987281 0.227008 1.231404
0 0 0.826964 -0.009351 0.846919
12 34 -0.464880 1.340415 2.146367
12 34 -0.498832 -0.915362 2.548990
0 0 0.995223 0.441009 1.234057
28 123 -0.827337 1.239818 1.205571
0 0 0.853967 0.011306 0.316794
0 0 0.414180 -0.930429 0.017708
0 0 -1.080790 0.300438 -0.879170
24 91 1.232962 0.381297 2.701259
0 0 0.600367 -0.972676 0.161816
1 2 -2.303279 0.525476 -0.650544
0 0 0.419837 -0.884382 -1.102766
0 0 1.017900 0.100351 1.123927
0 0 0.377577 -0.309234 -1.048932
0 0 0.871509 -0.984661 -0.738785
0 0 0.858107 0.607874 0.375345
0 0 0.673416 -0.146864 -0.019481
0 0 0.677282 -0.173888 -0.048432
0 0 0.218454 -0.860771 -0.518451
0 0 0.860288 0.413930 0.857004
0 0 0.823057 0.009265 0.300202
0 0 0.953793 0.248374 0.799366
0 0 0.365020 -0.848996 -1.058187
1 2 -2.824976 1.670600 3.784982
0 0 0.860948 0.007565 0.307175
0 0 0.839394 0.246992 0.329354
1 2 -0.805128 -0.881024 0.742407
25 98 -5.675287 1.084527 6.745045
0 0 0.871482 0.003295 0.364562
0 0 0.853436 -0.956009 -0.718327
0 0 0.761854 -0.160246 0.371659
1 2 -1.450712 0.687086 4.420115
0 0 0.834055 0.158732 0.235152
20 69 0.962319 -0.027131 1.144505
0 0 0.821711 0.155779 0.124907
0 0 0.591000 -0.909249 -0.651098
28 123 1.523857 0.917459 3.636057
27 113 1.393355 0.581482 3.298639
0 0 0.877811 0.182108 0.827964
2 3 -0.098809 -0.543833 8.061973
0 0 0.922098 0.968936 0.630451
1 2 1.218545 0.957463 2.504623
12 34 1.097087 1.109505 2.359216
12 34 1.021510 0.122073 1.147842
28 123 -4.709066 1.653698 6.852142
0 0 0.782899 0.164834 -0.021120
1 2 -4.882565 1.738007 2.582052
25 98 1.395153 -0.522048 3.084151
0 0 0.856984 0.413066 0.854091
0 0 0.878566 0.748516 0.862040
0 0 0.645010 -0.091296 0.359936
0 0 -2.496417 1.301434 0.423410
20 69 1.160615 0.145529 2.475702
0 0 -0.753397 0.592999 -0.952920
